-1000 4238,694138528988
-1000 -4238,694138528988
-999 4232,2730277572455
-999 -4232,2730277572455
-998 4225,855162195204
-998 -4225,855162195204
-997 4219,440543484408
-997 -4219,440543484408
-996 4213,0291732688975
-996 -4213,0291732688975
-995 4206,621053195211
-995 -4206,621053195211
-994 4200,216184912391
-994 -4200,216184912391
-993 4193,814570071994
-993 -4193,814570071994
-992 4187,416210328097
-992 -4187,416210328097
-991 4181,0211073372975
-991 -4181,0211073372975
-990 4174,629262758728
-990 -4174,629262758728
-989 4168,240678254058
-989 -4168,240678254058
-988 4161,855355487502
-988 -4161,855355487502
-987 4155,473296125823
-987 -4155,473296125823
-986 4149,094501838345
-986 -4149,094501838345
-985 4142,718974296953
-985 -4142,718974296953
-984 4136,346715176104
-984 -4136,346715176104
-983 4129,9777261528325
-983 -4129,9777261528325
-982 4123,612008906754
-982 -4123,612008906754
-981 4117,249565120079
-981 -4117,249565120079
-980 4110,890396477611
-980 -4110,890396477611
-979 4104,53450466676
-979 -4104,53450466676
-978 4098,181891377542
-978 -4098,181891377542
-977 4091,832558302598
-977 -4091,832558302598
-976 4085,4865071371855
-976 -4085,4865071371855
-975 4079,143739579196
-975 -4079,143739579196
-974 4072,8042573291586
-974 -4072,8042573291586
-973 4066,468062090246
-973 -4066,468062090246
-972 4060,1351555682827
-972 -4060,1351555682827
-971 4053,8055394717508
-971 -4053,8055394717508
-970 4047,479215511798
-970 -4047,479215511798
-969 4041,156185402244
-969 -4041,156185402244
-968 4034,8364508595864
-968 -4034,8364508595864
-967 4028,5200136030107
-967 -4028,5200136030107
-966 4022,2068753543927
-966 -4022,2068753543927
-965 4015,8970378383106
-965 -4015,8970378383106
-964 4009,5905027820486
-964 -4009,5905027820486
-963 4003,2872719156044
-963 -4003,2872719156044
-962 3996,987346971698
-962 -3996,987346971698
-961 3990,690729685777
-961 -3990,690729685777
-960 3984,3974217960254
-960 -3984,3974217960254
-959 3978,107425043369
-959 -3978,107425043369
-958 3971,8207411714843
-958 -3971,8207411714843
-957 3965,5373719268046
-957 -3965,5373719268046
-956 3959,2573190585276
-956 -3959,2573190585276
-955 3952,9805843186227
-955 -3952,9805843186227
-954 3946,707169461839
-954 -3946,707169461839
-953 3940,4370762457115
-953 -3940,4370762457115
-952 3934,1703064305693
-952 -3934,1703064305693
-951 3927,906861779543
-951 -3927,906861779543
-950 3921,64674405857
-950 -3921,64674405857
-949 3915,389955036407
-949 -3915,389955036407
-948 3909,1364964846325
-948 -3909,1364964846325
-947 3902,886370177656
-947 -3902,886370177656
-946 3896,639577892726
-946 -3896,639577892726
-945 3890,396121409937
-945 -3890,396121409937
-944 3884,1560025122385
-944 -3884,1560025122385
-943 3877,9192229854402
-943 -3877,9192229854402
-942 3871,6857846182215
-942 -3871,6857846182215
-941 3865,455689202139
-941 -3865,455689202139
-940 3859,2289385316335
-940 -3859,2289385316335
-939 3853,005534404038
-939 -3853,005534404038
-938 3846,7854786195862
-938 -3846,7854786195862
-937 3840,5687729814185
-937 -3840,5687729814185
-936 3834,3554192955926
-936 -3834,3554192955926
-935 3828,1454193710892
-935 -3828,1454193710892
-934 3821,93877501982
-934 -3821,93877501982
-933 3815,7354880566363
-933 -3815,7354880566363
-932 3809,5355602993372
-932 -3809,5355602993372
-931 3803,3389935686773
-931 -3803,3389935686773
-930 3797,1457896883744
-930 -3797,1457896883744
-929 3790,9559504851172
-929 -3790,9559504851172
-928 3784,7694777885745
-928 -3784,7694777885745
-927 3778,586373431403
-927 -3778,586373431403
-926 3772,406639249254
-926 -3772,406639249254
-925 3766,230277080784
-925 -3766,230277080784
-924 3760,0572887676612
-924 -3760,0572887676612
-923 3753,8876761545735
-923 -3753,8876761545735
-922 3747,721441089239
-922 -3747,721441089239
-921 3741,55858542241
-921 -3741,55858542241
-920 3735,3991110078878
-920 -3735,3991110078878
-919 3729,243019702524
-919 -3729,243019702524
-918 3723,0903133662337
-918 -3723,0903133662337
-917 3716,940993862003
-917 -3716,940993862003
-916 3710,7950630558944
-916 -3710,7950630558944
-915 3704,6525228170613
-915 -3704,6525228170613
-914 3698,5133750177497
-914 -3698,5133750177497
-913 3692,3776215333123
-913 -3692,3776215333123
-912 3686,2452642422136
-912 -3686,2452642422136
-911 3680,1163050260407
-911 -3680,1163050260407
-910 3673,99074576951
-910 -3673,99074576951
-909 3667,8685883604776
-909 -3667,8685883604776
-908 3661,749834689947
-908 -3661,749834689947
-907 3655,6344866520776
-907 -3655,6344866520776
-906 3649,522546144196
-906 -3649,522546144196
-905 3643,4140150668004
-905 -3643,4140150668004
-904 3637,3088953235742
-904 -3637,3088953235742
-903 3631,207188821391
-903 -3631,207188821391
-902 3625,1088974703252
-902 -3625,1088974703252
-901 3619,0140231836626
-901 -3619,0140231836626
-900 3612,9225678779057
-900 -3612,9225678779057
-899 3606,8345334727865
-899 -3606,8345334727865
-898 3600,7499218912717
-898 -3600,7499218912717
-897 3594,6687350595766
-897 -3594,6687350595766
-896 3588,590974907169
-896 -3588,590974907169
-895 3582,516643366783
-895 -3582,516643366783
-894 3576,4457423744243
-894 -3576,4457423744243
-893 3570,3782738693835
-893 -3570,3782738693835
-892 3564,314239794241
-892 -3564,314239794241
-891 3558,2536420948804
-891 -3558,2536420948804
-890 3552,1964827204947
-890 -3552,1964827204947
-889 3546,1427636235967
-889 -3546,1427636235967
-888 3540,09248676003
-888 -3540,09248676003
-887 3534,045654088977
-887 -3534,045654088977
-886 3528,0022675729674
-886 -3528,0022675729674
-885 3521,96232917789
-885 -3521,96232917789
-884 3515,925840873001
-884 -3515,925840873001
-883 3509,8928046309334
-883 -3509,8928046309334
-882 3503,863222427708
-882 -3503,863222427708
-881 3497,837096242741
-881 -3497,837096242741
-880 3491,8144280588567
-880 -3491,8144280588567
-879 3485,7952198622934
-879 -3485,7952198622934
-878 3479,779473642717
-878 -3479,779473642717
-877 3473,7671913932286
-877 -3473,7671913932286
-876 3467,758375110375
-876 -3467,758375110375
-875 3461,753026794159
-875 -3461,753026794159
-874 3455,7511484480474
-874 -3455,7511484480474
-873 3449,7527420789856
-873 -3449,7527420789856
-872 3443,7578096974025
-872 -3443,7578096974025
-871 3437,7663533172235
-871 -3437,7663533172235
-870 3431,7783749558794
-870 -3431,7783749558794
-869 3425,7938766343173
-869 -3425,7938766343173
-868 3419,812860377012
-868 -3419,812860377012
-867 3413,835328211973
-867 -3413,835328211973
-866 3407,8612821707575
-866 -3407,8612821707575
-865 3401,89072428848
-865 -3401,89072428848
-864 3395,923656603823
-864 -3395,923656603823
-863 3389,960081159047
-863 -3389,960081159047
-862 3384
-862 -3384
-861 3378,0434151761306
-861 -3378,0434151761306
-860 3372,090328740496
-860 -3372,090328740496
-859 3366,140742749774
-859 -3366,140742749774
-858 3360,1946592642735
-858 -3360,1946592642735
-857 3354,252080347945
-857 -3354,252080347945
-856 3348,3130080683914
-856 -3348,3130080683914
-855 3342,377444496878
-855 -3342,377444496878
-854 3336,445391708345
-854 -3336,445391708345
-853 3330,516851781417
-853 -3330,516851781417
-852 3324,591826798414
-852 -3324,591826798414
-851 3318,670318845363
-851 -3318,670318845363
-850 3312,7523300120097
-850 -3312,7523300120097
-849 3306,837862391827
-849 -3306,837862391827
-848 3300,9269180820284
-848 -3300,9269180820284
-847 3295,0194991835783
-847 -3295,0194991835783
-846 3289,1156078012036
-846 -3289,1156078012036
-845 3283,2152460434045
-845 -3283,2152460434045
-844 3277,318416022465
-844 -3277,318416022465
-843 3271,425119854467
-843 -3271,425119854467
-842 3265,5353596592986
-842 -3265,5353596592986
-841 3259,649137560667
-841 -3259,649137560667
-840 3253,7664556861096
-840 -3253,7664556861096
-839 3247,8873161670062
-839 -3247,8873161670062
-838 3242,0117211385896
-838 -3242,0117211385896
-837 3236,139672739958
-837 -3236,139672739958
-836 3230,2711731140857
-836 -3230,2711731140857
-835 3224,406224407837
-835 -3224,406224407837
-834 3218,544828771974
-834 -3218,544828771974
-833 3212,686988361173
-833 -3212,686988361173
-832 3206,832705334034
-832 -3206,832705334034
-831 3200,981981853092
-831 -3200,981981853092
-830 3195,13482008483
-830 -3195,13482008483
-829 3189,291222199691
-829 -3189,291222199691
-828 3183,451190372091
-828 -3183,451190372091
-827 3177,6147267804276
-827 -3177,6147267804276
-826 3171,7818336070973
-826 -3171,7818336070973
-825 3165,9525130385036
-825 -3165,9525130385036
-824 3160,1267672650706
-824 -3160,1267672650706
-823 3154,3045984812566
-823 -3154,3045984812566
-822 3148,486008885564
-822 -3148,486008885564
-821 3142,6710006805547
-821 -3142,6710006805547
-820 3136,8595760728595
-820 -3136,8595760728595
-819 3131,0517372731933
-819 -3131,0517372731933
-818 3125,247486496366
-818 -3125,247486496366
-817 3119,4468259612954
-817 -3119,4468259612954
-816 3113,649757891021
-816 -3113,649757891021
-815 3107,8562845127162
-815 -3107,8562845127162
-814 3102,0664080577
-814 -3102,0664080577
-813 3096,280130761451
-813 -3096,280130761451
-812 3090,497454863621
-812 -3090,497454863621
-811 3084,7183826080463
-811 -3084,7183826080463
-810 3078,9429162427614
-810 -3078,9429162427614
-809 3073,1710580200142
-809 -3073,1710580200142
-808 3067,402810196274
-808 -3067,402810196274
-807 3061,6381750322516
-807 -3061,6381750322516
-806 3055,877154792906
-806 -3055,877154792906
-805 3050,119751747462
-805 -3050,119751747462
-804 3044,365968169423
-804 -3044,365968169423
-803 3038,6158063365824
-803 -3038,6158063365824
-802 3032,869268531039
-802 -3032,869268531039
-801 3027,1263570392102
-801 -3027,1263570392102
-800 3021,387074151846
-800 -3021,387074151846
-799 3015,6514221640405
-799 -3015,6514221640405
-798 3009,919403375249
-798 -3009,919403375249
-797 3004,1910200892994
-797 -3004,1910200892994
-796 2998,4662746144068
-796 -2998,4662746144068
-795 2992,745169263188
-795 -2992,745169263188
-794 2987,027706352674
-794 -2987,027706352674
-793 2981,3138882043268
-793 -2981,3138882043268
-792 2975,603717144049
-792 -2975,603717144049
-791 2969,8971955022034
-791 -2969,8971955022034
-790 2964,194325613623
-790 -2964,194325613623
-789 2958,4951098176275
-789 -2958,4951098176275
-788 2952,7995504580367
-788 -2952,7995504580367
-787 2947,1076498831867
-787 -2947,1076498831867
-786 2941,419410445941
-786 -2941,419410445941
-785 2935,734834503709
-785 -2935,734834503709
-784 2930,053924418457
-784 -2930,053924418457
-783 2924,376682556726
-783 -2924,376682556726
-782 2918,7031112896448
-782 -2918,7031112896448
-781 2913,0332129929448
-781 -2913,0332129929448
-780 2907,3669900469763
-780 -2907,3669900469763
-779 2901,7044448367214
-779 -2901,7044448367214
-778 2896,0455797518107
-778 -2896,0455797518107
-777 2890,390397186537
-777 -2890,390397186537
-776 2884,7388995398733
-776 -2884,7388995398733
-775 2879,091089215484
-775 -2879,091089215484
-774 2873,4469686217426
-774 -2873,4469686217426
-773 2867,806540171748
-773 -2867,806540171748
-772 2862,169806283338
-772 -2862,169806283338
-771 2856,536769379105
-771 -2856,536769379105
-770 2850,9074318864136
-770 -2850,9074318864136
-769 2845,281796237413
-769 -2845,281796237413
-768 2839,6598648690565
-768 -2839,6598648690565
-767 2834,041640223114
-767 -2834,041640223114
-766 2828,42712474619
-766 -2828,42712474619
-765 2822,816320889739
-765 -2822,816320889739
-764 2817,2092311100805
-764 -2817,2092311100805
-763 2811,6058578684174
-763 -2811,6058578684174
-762 2806,00620363085
-762 -2806,00620363085
-761 2800,4102708683927
-761 -2800,4102708683927
-760 2794,818062056992
-760 -2794,818062056992
-759 2789,22957967754
-759 -2789,22957967754
-758 2783,6448262158947
-758 -2783,6448262158947
-757 2778,063804162892
-757 -2778,063804162892
-756 2772,4865160143668
-756 -2772,4865160143668
-755 2766,912964271166
-755 -2766,912964271166
-754 2761,3431514391687
-754 -2761,3431514391687
-753 2755,7770800293
-753 -2755,7770800293
-752 2750,21475255755
-752 -2750,21475255755
-751 2744,65617154499
-751 -2744,65617154499
-750 2739,1013395177893
-750 -2739,1013395177893
-749 2733,5502590072347
-749 -2733,5502590072347
-748 2728,0029325497435
-748 -2728,0029325497435
-747 2722,459362686885
-747 -2722,459362686885
-746 2716,9195519653967
-746 -2716,9195519653967
-745 2711,3835029372
-745 -2711,3835029372
-744 2705,8512181594197
-744 -2705,8512181594197
-743 2700,322700194402
-743 -2700,322700194402
-742 2694,7979516097307
-742 -2694,7979516097307
-741 2689,2769749782465
-741 -2689,2769749782465
-740 2683,7597728780643
-740 -2683,7597728780643
-739 2678,2463478925906
-739 -2678,2463478925906
-738 2672,7367026105435
-738 -2672,7367026105435
-737 2667,230839625969
-737 -2667,230839625969
-736 2661,72876153826
-736 -2661,72876153826
-735 2656,230470952175
-735 -2656,230470952175
-734 2650,735970477857
-734 -2650,735970477857
-733 2645,2452627308494
-733 -2645,2452627308494
-732 2639,7583503321184
-732 -2639,7583503321184
-731 2634,27523590807
-731 -2634,27523590807
-730 2628,795922090568
-730 -2628,795922090568
-729 2623,320411516954
-729 -2623,320411516954
-728 2617,8487068300665
-728 -2617,8487068300665
-727 2612,3808106782594
-727 -2612,3808106782594
-726 2606,9167257154218
-726 -2606,9167257154218
-725 2601,4564546009965
-725 -2601,4564546009965
-724 2596
-724 -2596
-723 2590,547364583043
-723 -2590,547364583043
-722 2585,098551026347
-722 -2585,098551026347
-721 2579,6535620117675
-721 -2579,6535620117675
-720 2574,2124002268115
-720 -2574,2124002268115
-719 2568,7750683646577
-719 -2568,7750683646577
-718 2563,3415691241776
-718 -2563,3415691241776
-717 2557,9119052099536
-717 -2557,9119052099536
-716 2552,486079332302
-716 -2552,486079332302
-715 2547,0640942072896
-715 -2547,0640942072896
-714 2541,645952556758
-714 -2541,645952556758
-713 2536,2316571083406
-713 -2536,2316571083406
-712 2530,821210595486
-712 -2530,821210595486
-711 2525,4146157574764
-711 -2525,4146157574764
-710 2520,01187533945
-710 -2520,01187533945
-709 2514,6129920924213
-709 -2514,6129920924213
-708 2509,217968773302
-708 -2509,217968773302
-707 2503,8268081449214
-707 -2503,8268081449214
-706 2498,4395129760496
-706 -2498,4395129760496
-705 2493,0560860414166
-705 -2493,0560860414166
-704 2487,6765301217356
-704 -2487,6765301217356
-703 2482,3008480037224
-703 -2482,3008480037224
-702 2476,9290424801193
-702 -2476,9290424801193
-701 2471,5611163497156
-701 -2471,5611163497156
-700 2466,197072417369
-700 -2466,197072417369
-699 2460,836913494028
-699 -2460,836913494028
-698 2455,480642396756
-698 -2455,480642396756
-697 2450,1282619487497
-697 -2450,1282619487497
-696 2444,7797749793635
-696 -2444,7797749793635
-695 2439,4351843241334
-695 -2439,4351843241334
-694 2434,094492824796
-694 -2434,094492824796
-693 2428,7577033293132
-693 -2428,7577033293132
-692 2423,4248186918967
-692 -2423,4248186918967
-691 2418,095841773026
-691 -2418,095841773026
-690 2412,770775439477
-690 -2412,770775439477
-689 2407,4496225643406
-689 -2407,4496225643406
-688 2402,132386027048
-688 -2402,132386027048
-687 2396,8190687133956
-687 -2396,8190687133956
-686 2391,509673515564
-686 -2391,509673515564
-685 2386,204203332146
-685 -2386,204203332146
-684 2380,9026610681676
-684 -2380,9026610681676
-683 2375,605049635114
-683 -2375,605049635114
-682 2370,311371950951
-682 -2370,311371950951
-681 2365,0216309401517
-681 -2365,0216309401517
-680 2359,7358295337185
-680 -2359,7358295337185
-679 2354,453970669208
-679 -2354,453970669208
-678 2349,1760572907574
-678 -2349,1760572907574
-677 2343,902092349106
-677 -2343,902092349106
-676 2338,632078801623
-676 -2338,632078801623
-675 2333,3660196123283
-675 -2333,3660196123283
-674 2328,103917751923
-674 -2328,103917751923
-673 2322,8457761978084
-673 -2322,8457761978084
-672 2317,591597934117
-672 -2317,591597934117
-671 2312,341385951734
-671 -2312,341385951734
-670 2307,095143248323
-670 -2307,095143248323
-669 2301,8528728283545
-669 -2301,8528728283545
-668 2296,6145777031284
-668 -2296,6145777031284
-667 2291,380260890802
-667 -2291,380260890802
-666 2286,1499254164155
-666 -2286,1499254164155
-665 2280,923574311917
-665 -2280,923574311917
-664 2275,7012106161915
-664 -2275,7012106161915
-663 2270,4828373750843
-663 -2270,4828373750843
-662 2265,2684576414304
-662 -2265,2684576414304
-661 2260,0580744750787
-661 -2260,0580744750787
-660 2254,8516909429204
-660 -2254,8516909429204
-659 2249,6493101189167
-659 -2249,6493101189167
-658 2244,4509350841245
-658 -2244,4509350841245
-657 2239,2565689267235
-657 -2239,2565689267235
-656 2234,0662147420458
-656 -2234,0662147420458
-655 2228,8798756326014
-655 -2228,8798756326014
-654 2223,697554708107
-654 -2223,697554708107
-653 2218,5192550855145
-653 -2218,5192550855145
-652 2213,3449798890365
-652 -2213,3449798890365
-651 2208,1747322501787
-651 -2208,1747322501787
-650 2203,008515307764
-650 -2203,008515307764
-649 2197,8463322079638
-649 -2197,8463322079638
-648 2192,6881861043266
-648 -2192,6881861043266
-647 2187,5340801578045
-647 -2187,5340801578045
-646 2182,3840175367854
-646 -2182,3840175367854
-645 2177,23800141712
-645 -2177,23800141712
-644 2172,096034982152
-644 -2172,096034982152
-643 2166,958121422747
-643 -2166,958121422747
-642 2161,824263937323
-642 -2161,824263937323
-641 2156,69446573188
-641 -2156,69446573188
-640 2151,568730020029
-640 -2151,568730020029
-639 2146,4470600230234
-639 -2146,4470600230234
-638 2141,3294589697894
-638 -2141,3294589697894
-637 2136,215930096955
-637 -2136,215930096955
-636 2131,1064766488826
-636 -2131,1064766488826
-635 2126,0011018776977
-635 -2126,0011018776977
-634 2120,899809043322
-634 -2120,899809043322
-633 2115,8026014135035
-633 -2115,8026014135035
-632 2110,7094822638473
-632 -2110,7094822638473
-631 2105,620454877849
-631 -2105,620454877849
-630 2100,5355225469248
-630 -2100,5355225469248
-629 2095,454688570443
-629 -2095,454688570443
-628 2090,377956255758
-628 -2090,377956255758
-627 2085,3053289182412
-627 -2085,3053289182412
-626 2080,236809881314
-626 -2080,236809881314
-625 2075,1724024764785
-625 -2075,1724024764785
-624 2070,1121100433543
-624 -2070,1121100433543
-623 2065,055935929707
-623 -2065,055935929707
-622 2060,003883491485
-622 -2060,003883491485
-621 2054,9559560928506
-621 -2054,9559560928506
-620 2049,912157106214
-620 -2049,912157106214
-619 2044,8724899122683
-619 -2044,8724899122683
-618 2039,8369579000216
-618 -2039,8369579000216
-617 2034,8055644668325
-617 -2034,8055644668325
-616 2029,778313018444
-616 -2029,778313018444
-615 2024,7552069690173
-615 -2024,7552069690173
-614 2019,7362497411682
-614 -2019,7362497411682
-613 2014,7214447660003
-613 -2014,7214447660003
-612 2009,7107954831415
-612 -2009,7107954831415
-611 2004,704305340778
-611 -2004,704305340778
-610 1999,7019777956914
-610 -1999,7019777956914
-609 1994,703816313293
-609 -1994,703816313293
-608 1989,7098243676603
-608 -1989,7098243676603
-607 1984,7200054415737
-607 -1984,7200054415737
-606 1979,7343630265523
-606 -1979,7343630265523
-605 1974,7529006228901
-605 -1974,7529006228901
-604 1969,7756217396945
-604 -1969,7756217396945
-603 1964,8025298949208
-603 -1964,8025298949208
-602 1959,8336286154117
-602 -1959,8336286154117
-601 1954,8689214369335
-601 -1954,8689214369335
-600 1949,9084119042143
-600 -1949,9084119042143
-599 1944,9521035709813
-599 -1944,9521035709813
-598 1940
-598 -1940
-597 1935,0521047631116
-597 -1935,0521047631116
-596 1930,108421441272
-596 -1930,108421441272
-595 1925,1689536245904
-595 -1925,1689536245904
-594 1920,2337049123685
-594 -1920,2337049123685
-593 1915,3026789131402
-593 -1915,3026789131402
-592 1910,3758792447104
-592 -1910,3758792447104
-591 1905,4533095341944
-591 -1905,4533095341944
-590 1900,5349734180597
-590 -1900,5349734180597
-589 1895,6208745421643
-589 -1895,6208745421643
-588 1890,7110165617983
-588 -1890,7110165617983
-587 1885,8054031417237
-587 -1885,8054031417237
-586 1880,9040379562164
-586 -1880,9040379562164
-585 1876,006924689107
-585 -1876,006924689107
-584 1871,1140670338225
-584 -1871,1140670338225
-583 1866,2254686934266
-583 -1866,2254686934266
-582 1861,341133380664
-582 -1861,341133380664
-581 1856,4610648180008
-581 -1856,4610648180008
-580 1851,5852667376678
-580 -1851,5852667376678
-579 1846,713742881703
-579 -1846,713742881703
-578 1841,8464970019947
-578 -1841,8464970019947
-577 1836,9835328603249
-577 -1836,9835328603249
-576 1832,1248542284125
-576 -1832,1248542284125
-575 1827,2704648879574
-575 -1827,2704648879574
-574 1822,4203686306846
-574 -1822,4203686306846
-573 1817,574569258388
-573 -1817,574569258388
-572 1812,733070582976
-572 -1812,733070582976
-571 1807,895876426516
-571 -1807,895876426516
-570 1803,0629906212785
-570 -1803,0629906212785
-569 1798,2344170097842
-569 -1798,2344170097842
-568 1793,4101594448493
-568 -1793,4101594448493
-567 1788,590221789631
-567 -1788,590221789631
-566 1783,774607917674
-566 -1783,774607917674
-565 1778,9633217129576
-565 -1778,9633217129576
-564 1774,156367069942
-564 -1774,156367069942
-563 1769,353747893616
-563 -1769,353747893616
-562 1764,5554680995438
-562 -1764,5554680995438
-561 1759,761531613914
-561 -1759,761531613914
-560 1754,9719423735864
-560 -1754,9719423735864
-559 1750,1867043261414
-559 -1750,1867043261414
-558 1745,405821429928
-558 -1745,405821429928
-557 1740,6292976541133
-557 -1740,6292976541133
-556 1735,857136978732
-556 -1735,857136978732
-555 1731,0893433947351
-555 -1731,0893433947351
-554 1726,325920904041
-554 -1726,325920904041
-553 1721,5668735195854
-553 -1721,5668735195854
-552 1716,8122052653716
-552 -1716,8122052653716
-551 1712,0619201765217
-551 -1712,0619201765217
-550 1707,316022299328
-550 -1707,316022299328
-549 1702,574515691305
-549 -1702,574515691305
-548 1697,8374044212396
-548 -1697,8374044212396
-547 1693,1046925692458
-547 -1693,1046925692458
-546 1688,3763842268154
-546 -1688,3763842268154
-545 1683,652483496872
-545 -1683,652483496872
-544 1678,9329944938243
-544 -1678,9329944938243
-543 1674,217921343619
-543 -1674,217921343619
-542 1669,5072681837953
-542 -1669,5072681837953
-541 1664,8010391635391
-541 -1664,8010391635391
-540 1660,0992384437388
-540 -1660,0992384437388
-539 1655,401870197038
-539 -1655,401870197038
-538 1650,708938607894
-538 -1650,708938607894
-537 1646,0204478726305
-537 -1646,0204478726305
-536 1641,3364021994958
-536 -1641,3364021994958
-535 1636,6568058087194
-535 -1636,6568058087194
-534 1631,9816629325676
-534 -1631,9816629325676
-533 1627,3109778154017
-533 -1627,3109778154017
-532 1622,644754713736
-532 -1622,644754713736
-531 1617,9829978962948
-531 -1617,9829978962948
-530 1613,325711644072
-530 -1613,325711644072
-529 1608,6729002503896
-529 -1608,6729002503896
-528 1604,0245680209562
-528 -1604,0245680209562
-527 1599,3807192739273
-527 -1599,3807192739273
-526 1594,7413583399662
-526 -1594,7413583399662
-525 1590,1064895623024
-525 -1590,1064895623024
-524 1585,4761172967944
-524 -1585,4761172967944
-523 1580,8502459119902
-523 -1580,8502459119902
-522 1576,228879789189
-522 -1576,228879789189
-521 1571,612023322503
-521 -1571,612023322503
-520 1566,9996809189208
-520 -1566,9996809189208
-519 1562,39185699837
-519 -1562,39185699837
-518 1557,7885559937797
-518 -1557,7885559937797
-517 1553,1897823511458
-517 -1553,1897823511458
-516 1548,595540529595
-516 -1548,595540529595
-515 1544,005835001448
-515 -1544,005835001448
-514 1539,4206702522868
-514 -1539,4206702522868
-513 1534,840050781019
-513 -1534,840050781019
-512 1530,2639810999447
-512 -1530,2639810999447
-511 1525,6924657348218
-511 -1525,6924657348218
-510 1521,125509224934
-510 -1521,125509224934
-509 1516,5631161231586
-509 -1516,5631161231586
-508 1512,0052909960334
-508 -1512,0052909960334
-507 1507,452038423826
-507 -1507,452038423826
-506 1502,9033630006018
-506 -1502,9033630006018
-505 1498,3592693342941
-505 -1498,3592693342941
-504 1493,8197620467743
-504 -1493,8197620467743
-503 1489,284845773921
-503 -1489,284845773921
-502 1484,7545251656923
-502 -1484,7545251656923
-501 1480,2288048861956
-501 -1480,2288048861956
-500 1475,7076896137612
-500 -1475,7076896137612
-499 1471,1911840410137
-499 -1471,1911840410137
-498 1466,6792928749448
-498 -1466,6792928749448
-497 1462,172020836987
-497 -1462,172020836987
-496 1457,6693726630879
-496 -1457,6693726630879
-495 1453,1713531037835
-495 -1453,1713531037835
-494 1448,6779669242753
-494 -1448,6779669242753
-493 1444,1892189045036
-493 -1444,1892189045036
-492 1439,7051138392246
-492 -1439,7051138392246
-491 1435,2256565380878
-491 -1435,2256565380878
-490 1430,7508518257118
-490 -1430,7508518257118
-489 1426,280704541763
-489 -1426,280704541763
-488 1421,815219541034
-488 -1421,815219541034
-487 1417,3544016935214
-487 -1417,3544016935214
-486 1412,8982558845069
-486 -1412,8982558845069
-485 1408,4467870146361
-485 -1408,4467870146361
-484 1404
-484 -1404
-483 1399,5578997722155
-483 -1399,5578997722155
-482 1395,1204912785079
-482 -1395,1204912785079
-481 1390,6877794817929
-481 -1390,6877794817929
-480 1386,2597693607602
-480 -1386,2597693607602
-479 1381,8364659099566
-479 -1381,8364659099566
-478 1377,4178741398705
-478 -1377,4178741398705
-477 1373,0039990770172
-477 -1373,0039990770172
-476 1368,5948457640238
-476 -1368,5948457640238
-475 1364,190419259716
-475 -1364,190419259716
-474 1359,790724639205
-474 -1359,790724639205
-473 1355,3957669939748
-473 -1355,3957669939748
-472 1351,0055514319695
-472 -1351,0055514319695
-471 1346,6200830776838
-471 -1346,6200830776838
-470 1342,2393670722515
-470 -1342,2393670722515
-469 1337,863408573536
-469 -1337,863408573536
-468 1333,4922127562206
-468 -1333,4922127562206
-467 1329,125784811901
-467 -1329,125784811901
-466 1324,764129949177
-466 -1324,764129949177
-465 1320,4072533937456
-465 -1320,4072533937456
-464 1316,0551603884942
-464 -1316,0551603884942
-463 1311,7078561935962
-463 -1311,7078561935962
-462 1307,3653460866049
-462 -1307,3653460866049
-461 1303,02763536255
-461 -1303,02763536255
-460 1298,694729334034
-460 -1298,694729334034
-459 1294,36663333133
-459 -1294,36663333133
-458 1290,0433527024786
-458 -1290,0433527024786
-457 1285,7248928133888
-457 -1285,7248928133888
-456 1281,4112590479353
-456 -1281,4112590479353
-455 1277,1024568080609
-455 -1277,1024568080609
-454 1272,7984915138766
-454 -1272,7984915138766
-453 1268,499368603764
-453 -1268,499368603764
-452 1264,205093534478
-452 -1264,205093534478
-451 1259,9156717812507
-451 -1259,9156717812507
-450 1255,631108837895
-450 -1255,631108837895
-449 1251,351410216911
-449 -1251,351410216911
-448 1247,0765814495917
-448 -1247,0765814495917
-447 1242,8066280861294
-447 -1242,8066280861294
-446 1238,5415556957244
-446 -1238,5415556957244
-445 1234,281369866693
-445 -1234,281369866693
-444 1230,026076206577
-444 -1230,026076206577
-443 1225,775680342255
-443 -1225,775680342255
-442 1221,530187920053
-442 -1221,530187920053
-441 1217,289604605856
-441 -1217,289604605856
-440 1213,0539360852229
-440 -1213,0539360852229
-439 1208,8231880634985
-439 -1208,8231880634985
-438 1204,5973662659298
-438 -1204,5973662659298
-437 1200,376476437782
-437 -1200,376476437782
-436 1196,1605243444544
-436 -1196,1605243444544
-435 1191,9495157715985
-435 -1191,9495157715985
-434 1187,7434565252374
-434 -1187,7434565252374
-433 1183,5423524318849
-433 -1183,5423524318849
-432 1179,3462093386663
-432 -1179,3462093386663
-431 1175,1550331134406
-431 -1175,1550331134406
-430 1170,9688296449226
-430 -1170,9688296449226
-429 1166,7876048428072
-429 -1166,7876048428072
-428 1162,6113646378935
-428 -1162,6113646378935
-427 1158,4401149822118
-427 -1158,4401149822118
-426 1154,273861849149
-426 -1154,273861849149
-425 1150,1126112335776
-425 -1150,1126112335776
-424 1145,9563691519847
-424 -1145,9563691519847
-423 1141,8051416426017
-423 -1141,8051416426017
-422 1137,6589347655352
-422 -1137,6589347655352
-421 1133,5177546029
-421 -1133,5177546029
-420 1129,3816072589525
-420 -1129,3816072589525
-419 1125,250498860225
-419 -1125,250498860225
-418 1121,1244355556612
-418 -1121,1244355556612
-417 1117,0034235167536
-417 -1117,0034235167536
-416 1112,8874689376812
-416 -1112,8874689376812
-415 1108,776578035449
-415 -1108,776578035449
-414 1104,6707570500278
-414 -1104,6707570500278
-413 1100,5700122444969
-413 -1100,5700122444969
-412 1096,4743499051858
-412 -1096,4743499051858
-411 1092,3837763418198
-411 -1092,3837763418198
-410 1088,2982978876632
-410 -1088,2982978876632
-409 1084,2179208996686
-409 -1084,2179208996686
-408 1080,1426517586222
-408 -1080,1426517586222
-407 1076,0724968692948
-407 -1076,0724968692948
-406 1072,0074626605917
-406 -1072,0074626605917
-405 1067,9475555857045
-405 -1067,9475555857045
-404 1063,8927821222644
-404 -1063,8927821222644
-403 1059,8431487724965
-403 -1059,8431487724965
-402 1055,798662063376
-402 -1055,798662063376
-401 1051,7593285467856
-401 -1051,7593285467856
-400 1047,7251547996736
-400 -1047,7251547996736
-399 1043,6961474242146
-399 -1043,6961474242146
-398 1039,672313047971
-398 -1039,672313047971
-397 1035,6536583240556
-397 -1035,6536583240556
-396 1031,6401899312966
-396 -1031,6401899312966
-395 1027,6319145744023
-395 -1027,6319145744023
-394 1023,628838984131
-394 -1023,628838984131
-393 1019,6309699174574
-393 -1019,6309699174574
-392 1015,6383141577444
-392 -1015,6383141577444
-391 1011,6508785149153
-391 -1011,6508785149153
-390 1007,6686698256268
-390 -1007,6686698256268
-389 1003,6916949534447
-389 -1003,6916949534447
-388 999,7199607890202
-388 -999,7199607890202
-387 995,7534742502692
-387 -995,7534742502692
-386 991,7922422825517
-386 -991,7922422825517
-385 987,8362718588542
-385 -987,8362718588542
-384 983,8855699799723
-384 -983,8855699799723
-383 979,9401436746966
-383 -979,9401436746966
-382 976
-382 -976
-381 972,065146041225
-381 -972,065146041225
-380 968,1355889122755
-380 -968,1355889122755
-379 964,2113357558082
-379 -964,2113357558082
-378 960,2923937434272
-378 -960,2923937434272
-377 956,3787700758794
-377 -956,3787700758794
-376 952,4704719832527
-376 -952,4704719832527
-375 948,567506725175
-375 -948,567506725175
-374 944,6698815910165
-374 -944,6698815910165
-373 940,7776039000928
-373 -940,7776039000928
-372 936,8906810018702
-372 -936,8906810018702
-371 933,0091202761731
-371 -933,0091202761731
-370 929,1329291333936
-370 -929,1329291333936
-369 925,262115014703
-369 -925,262115014703
-368 921,3966853922645
-368 -921,3966853922645
-367 917,5366477694502
-367 -917,5366477694502
-366 913,6820096810568
-366 -913,6820096810568
-365 909,8327786935274
-365 -909,8327786935274
-364 905,988962405172
-364 -905,988962405172
-363 902,150568446392
-363 -902,150568446392
-362 898,317604479907
-362 -898,317604479907
-361 894,4900782009826
-361 -894,4900782009826
-360 890,667997337662
-360 -890,667997337662
-359 886,8513696509984
-359 -886,8513696509984
-358 883,0402029352911
-358 -883,0402029352911
-357 879,2345050183227
-357 -879,2345050183227
-356 875,4342837615998
-356 -875,4342837615998
-355 871,6395470605954
-355 -871,6395470605954
-354 867,8503028449942
-354 -867,8503028449942
-353 864,0665590789396
-353 -864,0665590789396
-352 860,2883237612841
-352 -860,2883237612841
-351 856,5156049258422
-351 -856,5156049258422
-350 852,7484106416451
-350 -852,7484106416451
-349 848,9867490131986
-349 -848,9867490131986
-348 845,2306281807438
-348 -845,2306281807438
-347 841,4800563205198
-347 -841,4800563205198
-346 837,7350416450299
-346 -837,7350416450299
-345 833,9955924033102
-345 -833,9955924033102
-344 830,2617168812004
-344 -830,2617168812004
-343 826,533423401619
-343 -826,533423401619
-342 822,8107203248396
-342 -822,8107203248396
-341 819,0936160487712
-341 -819,0936160487712
-340 815,382119009241
-340 -815,382119009241
-339 811,6762376802802
-339 -811,6762376802802
-338 807,9759805744136
-338 -807,9759805744136
-337 804,2813562429506
-337 -804,2813562429506
-336 800,5923732762811
-336 -800,5923732762811
-335 796,9090403041733
-335 -796,9090403041733
-334 793,2313659960756
-334 -793,2313659960756
-333 789,5593590614207
-333 -789,5593590614207
-332 785,8930282499341
-332 -785,8930282499341
-331 782,2323823519454
-331 -782,2323823519454
-330 778,5774301987021
-330 -778,5774301987021
-329 774,928180662689
-329 -774,928180662689
-328 771,2846426579489
-328 -771,2846426579489
-327 767,646825140408
-327 -767,646825140408
-326 764,0147371082043
-326 -764,0147371082043
-325 760,3883876020201
-325 -760,3883876020201
-324 756,767785705418
-324 -756,767785705418
-323 753,1529405451803
-323 -753,1529405451803
-322 749,5438612916525
-322 -749,5438612916525
-321 745,9405571590909
-321 -745,9405571590909
-320 742,343037406013
-320 -742,343037406013
-319 738,7513113355536
-319 -738,7513113355536
-318 735,165388295823
-318 -735,165388295823
-317 731,5852776802706
-317 -731,5852776802706
-316 728,0109889280518
-316 -728,0109889280518
-315 724,4425315244001
-315 -724,4425315244001
-314 720,879915001002
-314 -720,879915001002
-313 717,3231489363773
-313 -717,3231489363773
-312 713,7722429562632
-312 -713,7722429562632
-311 710,2272067340036
-311 -710,2272067340036
-310 706,6880499909419
-310 -706,6880499909419
-309 703,1547824968185
-309 -703,1547824968185
-308 699,6274140701739
-308 -699,6274140701739
-307 696,1059545787552
-307 -696,1059545787552
-306 692,5904139399285
-306 -692,5904139399285
-305 689,0808021210951
-305 -689,0808021210951
-304 685,5771291401136
-304 -685,5771291401136
-303 682,0794050657261
-303 -682,0794050657261
-302 678,58764001799
-302 -678,58764001799
-301 675,101844168715
-301 -675,101844168715
-300 671,622027741905
-300 -671,622027741905
-299 668,148201014205
-299 -668,148201014205
-298 664,6803743153547
-298 -664,6803743153547
-297 661,2185580286457
-297 -661,2185580286457
-296 657,7627625913859
-296 -657,7627625913859
-295 654,3129984953684
-295 -654,3129984953684
-294 650,869276287347
-294 -650,869276287347
-293 647,4316065695165
-293 -647,4316065695165
-292 644
-292 -644
-291 640,5744672933414
-291 -640,5744672933414
-290 637,1550192210044
-290 -637,1550192210044
-289 633,7416666118775
-289 -633,7416666118775
-288 630,334420352785
-288 -630,334420352785
-287 626,9332913890056
-287 -626,9332913890056
-286 623,5382907247958
-286 -623,5382907247958
-285 620,149429423921
-285 -620,149429423921
-284 616,7667186101932
-284 -616,7667186101932
-283 613,3901694680148
-283 -613,3901694680148
-282 610,0197932429309
-282 -610,0197932429309
-281 606,6556012421863
-281 -606,6556012421863
-280 603,2976048352918
-280 -603,2976048352918
-279 599,9458154545971
-279 -599,9458154545971
-278 596,60024459587
-278 -596,60024459587
-277 593,2609038188847
-277 -593,2609038188847
-276 589,9278047480173
-276 -589,9278047480173
-275 586,600959072848
-275 -586,600959072848
-274 583,2803785487731
-274 -583,2803785487731
-273 579,9660749976227
-273 -579,9660749976227
-272 576,6580603082892
-272 -576,6580603082892
-271 573,3563464373617
-271 -573,3563464373617
-270 570,0609454097706
-270 -570,0609454097706
-269 566,7718693194396
-269 -566,7718693194396
-268 563,489130329947
-268 -563,489130329947
-267 560,2127406751964
-267 -560,2127406751964
-266 556,942712660095
-266 -556,942712660095
-265 553,6790586612428
-265 -553,6790586612428
-264 550,4217911276298
-264 -550,4217911276298
-263 547,1709225813435
-263 -547,1709225813435
-262 543,9264656182855
-262 -543,9264656182855
-261 540,6884329088995
-261 -540,6884329088995
-260 537,4568371989064
-260 -537,4568371989064
-259 534,2316913100532
-259 -534,2316913100532
-258 531,0130081408693
-258 -531,0130081408693
-257 527,8008006674347
-257 -527,8008006674347
-256 524,59508194416
-256 -524,59508194416
-255 521,395865104575
-255 -521,395865104575
-254 518,2031633621301
-254 -518,2031633621301
-253 515,0169900110093
-253 -515,0169900110093
-252 511,8373584269533
-252 -511,8373584269533
-251 508,6642820680963
-251 -508,6642820680963
-250 505,4977744758131
-250 -505,4977744758131
-249 502,33784927557946
-249 -502,33784927557946
-248 499,18452017784483
-248 -499,18452017784483
-247 496,03780097891735
-247 -496,03780097891735
-246 492,89770556186215
-246 -492,89770556186215
-245 489,7642478974129
-245 -489,7642478974129
-244 486,6374420448965
-244 -486,6374420448965
-243 483,51730215317167
-243 -483,51730215317167
-242 480,40384246158135
-242 -480,40384246158135
-241 477,29707730091957
-241 -477,29707730091957
-240 474,1970210944126
-240 -474,1970210944126
-239 471,1036883587149
-239 -471,1036883587149
-238 468,0170937049201
-238 -468,0170937049201
-237 464,93725183958765
-237 -464,93725183958765
-236 461,8641775657845
-236 -461,8641775657845
-235 458,7978857841435
-235 -458,7978857841435
-234 455,73839149393757
-234 -455,73839149393757
-233 452,6857097941704
-233 -452,6857097941704
-232 449,63985588468466
-232 -449,63985588468466
-231 446,6008450672869
-231 -446,6008450672869
-230 443,56869274689035
-230 -443,56869274689035
-229 440,54341443267543
-229 -440,54341443267543
-228 437,52502573926915
-228 -437,52502573926915
-227 434,5135423879427
-227 -434,5135423879427
-226 431,50898020782836
-226 -431,50898020782836
-225 428,5113551371556
-225 -428,5113551371556
-224 425,5206832245077
-224 -425,5206832245077
-223 422,53698063009824
-223 -422,53698063009824
-222 419,560263627068
-222 -419,560263627068
-221 416,590548602804
-221 -416,590548602804
-220 413,62785206027894
-220 -413,62785206027894
-219 410,6721906194138
-219 -410,6721906194138
-218 407,7235810184622
-218 -407,7235810184622
-217 404,78204011541817
-217 -404,78204011541817
-216 401,8475848894472
-216 -401,8475848894472
-215 398,9202324423416
-215 -398,9202324423416
-214 396
-214 -396
-213 393,08690491393224
-213 -393,08690491393224
-212 390,1809646627898
-212 -390,1809646627898
-211 387,282196853922
-211 -387,282196853922
-210 384,39061922495995
-210 -384,39061922495995
-209 381,5062496454265
-209 -381,5062496454265
-208 378,62910611837543
-208 -378,62910611837543
-207 375,7592067820581
-207 -375,7592067820581
-206 372,8965699116202
-206 -372,8965699116202
-205 370,041213920828
-205 -370,041213920828
-204 367,1931573638251
-204 -367,1931573638251
-203 364,35241893692046
-203 -364,35241893692046
-202 361,51901748040865
-202 -361,51901748040865
-201 358,6929719804225
-201 -358,6929719804225
-200 355,8743015708194
-200 -355,8743015708194
-199 353,0630255351019
-199 -353,0630255351019
-198 350,25916330837293
-198 -350,25916330837293
-197 347,4627344793278
-197 -347,4627344793278
-196 344,6737587922817
-196 -344,6737587922817
-195 341,892256149236
-195 -341,892256149236
-194 339,1182466119822
-194 -339,1182466119822
-193 336,3517504042457
-193 -336,3517504042457
-192 333,59278791386987
-192 -333,59278791386987
-191 330,8413796950414
-191 -330,8413796950414
-190 328,09754647055803
-190 -328,09754647055803
-189 325,3613091341401
-189 -325,3613091341401
-188 322,63268875278567
-188 -322,63268875278567
-187 319,911706569172
-187 -319,911706569172
-186 317,1983840041037
-186 -317,1983840041037
-185 314,49274265900823
-185 -314,49274265900823
-184 311,7948043184812
-184 -311,7948043184812
-183 309,10459095288144
-183 -309,10459095288144
-182 306,4221247209779
-182 -306,4221247209779
-181 303,7474279726497
-181 -303,7474279726497
-180 301,0805232516402
-180 -301,0805232516402
-179 298,4214332983673
-179 -298,4214332983673
-178 295,7701810527897
-178 -295,7701810527897
-177 293,1267896573338
-177 -293,1267896573338
-176 290,49128245987896
-176 -290,49128245987896
-175 287,86368301680574
-175 -287,86368301680574
-174 285,24401509610703
-174 -285,24401509610703
-173 282,63230268056503
-173 -282,63230268056503
-172 280,0285699709942
-172 -280,0285699709942
-171 277,4328413895541
-171 -277,4328413895541
-170 274,845141583132
-170 -274,845141583132
-169 272,26549542679845
-169 -272,26549542679845
-168 269,69392802733773
-168 -269,69392802733773
-167 267,13046472685437
-167 -267,13046472685437
-166 264,5751311064591
-166 -264,5751311064591
-165 262,0279529900353
-165 -262,0279529900353
-164 259,4889564480896
-164 -259,4889564480896
-163 256,9581678016871
-163 -256,9581678016871
-162 254,4356136264762
-162 -254,4356136264762
-161 251,92132075680266
-161 -251,92132075680266
-160 249,41531628991834
-160 -249,41531628991834
-159 246,9176275902853
-159 -246,9176275902853
-158 244,42828229397918
-158 -244,42828229397918
-157 241,9473083131945
-157 -241,9473083131945
-156 239,47473384085458
-156 -239,47473384085458
-155 237,01058735533002
-155 -237,01058735533002
-154 234,5548976252681
-154 -234,5548976252681
-153 232,10769371453736
-153 -232,10769371453736
-152 229,66900498729004
-152 -229,66900498729004
-151 227,23886111314675
-151 -227,23886111314675
-150 224,81729207250677
-150 -224,81729207250677
-149 222,40432816198785
-149 -222,40432816198785
-148 220
-148 -220
-147 217,60433853245698
-147 -217,60433853245698
-146 215,21737503863045
-146 -215,21737503863045
-145 212,83914113715082
-145 -212,83914113715082
-144 210,4696687921599
-144 -210,4696687921599
-143 208,1089903196204
-143 -208,1089903196204
-142 205,75713839378696
-142 -205,75713839378696
-141 203,41414605384458
-141 -203,41414605384458
-140 201,0800467107196
-140 -201,0800467107196
-139 198,75487415406948
-139 -198,75487415406948
-138 196,43866255945682
-138 -196,43866255945682
-137 194,13144649571464
-137 -194,13144649571464
-136 191,83326093250878
-136 -191,83326093250878
-135 189,54414124810475
-135 -189,54414124810475
-134 187,26412323734584
-134 -187,26412323734584
-133 184,99324311985018
-133 -184,99324311985018
-132 182,7315375484342
-132 -182,7315375484342
-131 180,4790436177707
-131 -180,4790436177707
-130 178,23579887329032
-130 -178,23579887329032
-129 176,00184132033434
-129 -176,00184132033434
-128 173,77720943356906
-128 -173,77720943356906
-127 171,56194216667052
-127 -171,56194216667052
-126 169,3560789622902
-126 -169,3560789622902
-125 167,15965976231183
-125 -167,15965976231183
-124 164,97272501841024
-124 -164,97272501841024
-123 162,79531570292437
-123 -162,79531570292437
-122 160,62747332005563
-122 -160,62747332005563
-121 158,4692399174048
-121 -158,4692399174048
-120 156,32065809786033
-120 -156,32065809786033
-119 154,18177103185226
-119 -154,18177103185226
-118 152,0526224699857
-118 -152,0526224699857
-117 149,93325675606957
-117 -149,93325675606957
-116 147,82371884055632
-116 -147,82371884055632
-115 145,72405429440948
-115 -145,72405429440948
-114 143,63430932341623
-114 -143,63430932341623
-113 141,5545307829643
-113 -141,5545307829643
-112 139,48476619330157
-112 -139,48476619330157
-111 137,42506375529956
-111 -137,42506375529956
-110 135,37547236674197
-110 -135,37547236674197
-109 133,33604163916073
-109 -133,33604163916073
-108 131,30682191524355
-108 -131,30682191524355
-107 129,28786428683804
-107 -129,28786428683804
-106 127,27922061357856
-106 -127,27922061357856
-105 125,28094354216373
-105 -125,28094354216373
-104 123,29308652631414
-104 -123,29308652631414
-103 121,31570384744096
-103 -121,31570384744096
-102 119,34885063605827
-102 -119,34885063605827
-101 117,39258289397384
-101 -117,39258289397384
-100 115,44695751729449
-100 -115,44695751729449
-99 113,51203232028524
-99 -113,51203232028524
-98 111,58786606012256
-98 -111,58786606012256
-97 109,67451846258547
-97 -109,67451846258547
-96 107,77205024873015
-96 -107,77205024873015
-95 105,88052316259673
-95 -105,88052316259673
-94 104
-94 -104
-93 102,13054463845842
-93 -102,13054463845842
-92 100,27222206832019
-92 -100,27222206832019
-91 98,42509842514764
-91 -98,42509842514764
-90 96,58924102342601
-90 -96,58924102342601
-89 94,76471839166649
-89 -94,76471839166649
-88 92,951600308978
-88 -92,951600308978
-87 91,14995784318727
-87 -91,14995784318727
-86 89,35986339059156
-86 -89,35986339059156
-85 87,58139071743494
-85 -87,58139071743494
-84 85,81461500320414
-84 -85,81461500320414
-83 84,05961288584737
-83 -84,05961288584737
-82 82,3164625090267
-82 -82,3164625090267
-81 80,58524357152172
-81 -80,58524357152172
-80 78,86603737891141
-80 -78,86603737891141
-79 77,15892689767011
-79 -77,15892689767011
-78 75,46399681182288
-78 -75,46399681182288
-77 73,78133358231732
-77 -73,78133358231732
-76 72,11102550927978
-76 -72,11102550927978
-75 70,45316279733755
-75 -70,45316279733755
-74 68,80783762420178
-74 -68,80783762420178
-73 67,17514421272202
-73 -67,17514421272202
-72 65,55517890663927
-72 -65,55517890663927
-71 63,94804025028329
-71 -63,94804025028329
-70 62,353829072479584
-70 -62,353829072479584
-69 60,77264857495364
-69 -60,77264857495364
-68 59,204604425544346
-68 -59,204604425544346
-67 57,64980485656478
-67 -57,64980485656478
-66 56,10836076867821
-66 -56,10836076867821
-65 54,58038584068932
-65 -54,58038584068932
-64 53,0659966456864
-64 -53,0659966456864
-63 51,565312774010025
-63 -51,565312774010025
-62 50,0784569635672
-62 -50,0784569635672
-61 48,605555238058955
-61 -48,605555238058955
-60 47,14673705374334
-60 -47,14673705374334
-59 45,70213545541592
-59 -45,70213545541592
-58 44,27188724235731
-58 -44,27188724235731
-57 42,85613314507211
-57 -42,85613314507211
-56 41,455018013728065
-56 -41,455018013728065
-55 40,06869101929835
-55 -40,06869101929835
-54 38,69730586851598
-54 -38,69730586851598
-53 37,34102103386906
-53 -37,34102103386906
-52 36
-52 -36
-51 34,674411528024734
-51 -34,674411528024734
-50 33,364429939460756
-50 -33,364429939460756
-49 32,07023542164915
-49 -32,07023542164915
-48 30,79201435678004
-48 -30,79201435678004
-47 29,52995967688609
-47 -29,52995967688609
-46 28,284271247461902
-46 -28,284271247461902
-45 27,05515628270296
-45 -27,05515628270296
-44 25,84282979574512
-44 -25,84282979574512
-43 24,647515087732476
-43 -24,647515087732476
-42 23,46944428005944
-42 -23,46944428005944
-41 22,308858894734737
-41 -22,308858894734737
-40 21,166010488516726
-40 -21,166010488516726
-39 20,041161347290934
-39 -20,041161347290934
-38 18,93458524812515
-38 -18,93458524812515
-37 17,84656829757475
-37 -17,84656829757475
-36 16,77740985615722
-36 -16,77740985615722
-35 15,727423560515303
-35 -15,727423560515303
-34 14,696938456699069
-34 -14,696938456699069
-33 13,686300260290025
-33 -13,686300260290025
-32 12,695872761853956
-32 -12,695872761853956
-31 11,726039399558575
-31 -11,726039399558575
-30 10,777205024873014
-30 -10,777205024873014
-29 9,849797892267562
-29 -9,849797892267562
-28 8,94427190999916
-28 -8,94427190999916
-27 8,06110919672234
-27 -8,06110919672234
-26 7,200822998230956
-26 -7,200822998230956
-25 6,363961030678928
-25 -6,363961030678928
-24 5,551109331909688
-24 -5,551109331909688
-23 4,762896722078402
-23 -4,762896722078402
-22 4
-22 -4
-21 3,263150034575203
-21 -3,263150034575203
-20 2,5531389540169016
-20 -2,5531389540169016
-19 1,8708286933869707
-19 -1,8708286933869707
-18 1,2171612389003692
-18 -1,2171612389003692
-17 0,5931710140017395
-17 -0,5931710140017395
-16 0
-16 -0
-15 0,5610836076867821
-15 -0,5610836076867821
-14 1,0886621079036347
-14 -1,0886621079036347
-13 1,5811388300841898
-13 -1,5811388300841898
-12 2,0367003088692623
-12 -2,0367003088692623
-11 2,453266907313291
-11 -2,453266907313291
-10 2,8284271247461903
-10 -2,8284271247461903
-9 3,15934826846954
-9 -3,15934826846954
-8 3,4426518632954815
-8 -3,4426518632954815
-7 3,6742346141747673
-7 -3,6742346141747673
-6 3,849001794597505
-6 -3,849001794597505
-5 3,9604526490270255
-5 -3,9604526490270255
-4 4
-4 -4
-3 3,9557740264262
-3 -3,9557740264262
-2 3,8103173776627215
-2 -3,8103173776627215
-1 3,5355339059327378
-1 -3,5355339059327378
0 3,079201435678004
0 -3,079201435678004
1 2,3134069792952237
1 -2,3134069792952237
2 0
2 -0
